1
3
4
4
4
5
7
9
9
11
12
12
13
13
15
15
16
16
17
17
18
18
19
20
20
20
22
24
25
28
28
29
30
31
34
36
36
37
38
40
41
41
41
41
42
42
43
43
45
46
48
48
50
50
52
52
53
53
57
57
59
60
62
63
66
66
66
67
67
68
68
69
69
70
70
74
74
75
75
78
82
84
85
85
85
86
87
89
92
92
93
94
94
94
95
97
98
99
99
99
99
102
103
104
105
105
108
109
111
111
113
115
115
116
121
121
122
125
126
128
129
130
130
131
131
131
131
133
134
136
137
137
139
139
139
140
140
140
141
141
143
144
144
145
145
146
148
148
148
149
151
153
154
155
158
158
159
160
161
163
164
164
165
167
167
168
170
170
171
172
173
173
174
176
177
178
179
179
182
184
184
185
186
186
188
188
189
191
191
193
194
194
195
196
197
201
201
201
202
204
210
210
212
212
212
212
216
216
218
219
219
219
221
225
225
228
228
228
229
229
230
231
232
232
233
234
234
237
237
237
238
240
242
242
243
243
243
243
243
245
245
245
245
246
247
247
249
250
251
251
251
252
253
253
254
256
256
257
258
258
258
261
261
261
263
263
263
263
264
264
265
267
268
268
272
272
275
278
278
285
286
290
291
291
291
293
294
297
297
298
303
303
303
304
305
305
306
307
307
308
309
309
310
312
312
312
312
312
313
313
316
316
316
317
317
318
319
320
321
322
322
323
324
324
325
325
326
326
327
327
332
332
334
334
334
335
335
337
338
339
341
342
343
344
345
345
347
348
349
351
356
358
359
361
361
362
363
363
366
367
367
371
371
372
373
375
375
375
376
376
376
376
377
381
382
382
382
383
383
384
385
385
387
387
388
389
389
390
390
391
391
392
392
393
394
394
396
396
397
398
398
399
399
400
402
402
402
403
404
404
406
406
406
408
410
411
412
415
417
418
418
419
422
427
427
432
432
433
435
435
436
437
437
438
438
440
440
441
444
445
446
447
449
449
451
451
452
452
453
453
453
455
457
461
462
463
463
463
466
466
467
468
470
471
471
471
472
473
474
475
478
478
479
483
483
483
485
485
487
487
490
490
492
492
492
492
493
494
495
495
496
499
501
502
502
504
505
506
508
508
509
509
509
511
511
511
512
515
515
515
516
517
520
521
523
524
525
527
530
530
530
531
531
532
532
533
535
536
538
539
541
541
541
544
544
545
546
547
549
550
553
553
553
554
554
555
556
556
559
561
561
561
561
565
565
565
565
566
566
567
568
569
573
574
575
577
579
579
580
583
583
584
585
586
587
589
589
596
597
598
598
599
600
601
601
604
604
606
608
608
608
609
610
610
611
613
614
614
618
619
619
621
621
621
622
622
622
623
625
626
626
628
629
630
631
631
632
632
632
633
634
635
636
638
639
639
640
643
643
646
648
649
650
650
651
652
652
655
656
656
657
658
658
658
659
660
660
662
662
662
665
665
667
668
670
670
670
672
674
674
674
676
679
680
682
684
684
684
688
689
689
690
691
693
694
695
695
696
696
697
697
697
698
700
701
701
702
704
704
704
706
706
707
709
710
713
715
716
716
716
718
718
721
722
722
723
723
723
724
724
729
729
730
731
731
731
731
732
732
733
733
734
734
734
736
736
737
737
739
740
740
741
743
747
747
749
750
750
751
751
751
751
753
754
754
755
755
756
756
756
757
757
758
758
759
760
761
762
762
763
764
764
764
764
764
765
765
765
768
770
770
772
772
773
775
775
776
777
780
780
781
781
782
784
784
786
790
797
797
798
799
799
801
802
805
805
807
808
812
813
813
815
815
816
817
818
818
822
823
824
825
827
827
829
829
833
833
833
834
836
836
837
837
838
842
843
844
847
847
849
850
852
852
854
854
856
856
857
858
858
859
859
860
861
863
863
864
865
865
866
866
867
870
873
873
875
877
879
881
882
884
885
885
885
887
888
888
889
892
893
894
894
895
897
897
897
899
899
899
900
900
900
901
901
901
902
902
902
904
904
905
906
906
907
907
908
909
911
911
913
913
915
916
917
921
922
922
924
924
925
925
926
926
928
929
929
930
930
931
931
934
934
934
935
935
938
938
939
939
940
941
943
944
944
945
946
946
949
949
950
953
954
955
955
956
956
957
957
957
958
959
960
960
962
963
964
965
968
968
969
970
970
971
973
974
976
976
978
979
979
979
980
981
981
982
982
984
984
984
985
985
985
986
986
986
988
989
990
990
991
992
993
994
995
995
995
996
996
997
997
